$ANSIBLE_VAULT;1.1;AES256
30393234663434333661656539383339356537383837643339643533623133363538343965363239
3735383231613435313934313837623861353738313761620a646636666333373338636161613561
38383639363662383762626334666339623464343239343866336563306139386531323861353935
3239613930396234620a616462313166646662303434616161323866316166656330643639373132
30616633653835343133646436646330613531396432623838353133336562393134343739633066
32653966356238616166336562613330343736383231656366363133313338343531393665646534
66663733326565643135393438393666666633623065393161626266646134343439313864643833
33363461383165643136313637656336373737343539633662396662623962363565346262353663
37356564386130316138613831323064646630383561376565363738383739633565313266343466
65353532613162623032343933633864343465306437633038306236633766353834623338623136
37623734653932386330393664646332656532656431306632666133623438646662393933363463
31383666666339646161643830393761326565313566623731613839646231366664333864373832
64666335363437303030386437363535653337363631626333356461326132643538646366643062
64306166633834313837303236316638303134366361373561633134333965323133396637393632
38653637656438373265626166306161316137663262336633306132653539386538643361353636
65303066653437376636386632373530666263613038366166636262633862646637613861313938
33346563393261346332303634396434646565636530616435383436623638313037363132366664
38363838633034343163653732306566393230336263636262653032306333343431616339323665
64353161343464333534383039376431333735366464666536313833303630656333383562373031
65323336333461323365313033643830303662333139363961313964306564313966626163353139
32626139646135316131333465636137643761333637373665393261613763623032623732353339
61326266386336353739396163616634373635356561616137636436363532396537316234313739
35353430333033643132336461333737623239373331333166326161343935663964393365303333
36376266663534636230313537376430333864616662636562393039663834633265343130623536
63626365353265653731633734633762393634313765666162626364353762306237343061393062
62613731316633396364306263363965626334613462613637396562333430366132633439333638
33646239376465393031666563356536653261653332656130623563373333623362343566653966
32636265303539353130363138313138666235343730666439616333323734326161393234646232
31333962613861396131343062636466356266316238623136656534386435393235656433643336
65323661666133663636313532333033353034376333303038336434666438633136626163303665
32316233343734663961343935663261613330373165333230323934366139663464633632363863
65386134636464306436386263636634323061313232643461653065636634636531623436653865
61623261613539303262326461616434633466613761316432616565373139383136353764666536
66373961346332393464353861383365636636633064326234333763636436346561343461373963
65373435363163616139383861376336323164616630333263663361316232383230633630393239
30396631643062303930306664376131323934336537646236393032373532383330653562306435
35373731396533653364353935343339303066653435356237303430383565663830653265383762
36633461353762643133326661373137336466626364663238333632336664353861653936376230
63346566346463373032303933363863613037383238323239356665653536646335653035633765
63663830383766396533356264303361643236343761373437363062363536643934623163303262
31616263373636646566346561636133363131343737343463343930323966353235356363313838
31663861393339306434643030343538346335646562383331376435313466366566356335383765
32353535653336313861613136623538633561386531633737343139353865363233303331623031
62336339613261343936623262396638396430353234613266643964376432383637653535333966
36393136376162353834616637373935333632613764326539386265323530323339303163303163
66333466356462653832373037663435376531323033346139633266303163306236373031333733
30623864386331333632313963643661636433663637343631303262393433303032323234646336
39306632323934313832666361326262336337373863633930313438333030303334656366333266
64363330616166393764663536383137646233386135666632386164353933303336623761343139
36643334613661666465653032333964313834653636363164363834613830313561616236383432
36383834353237643235353237623231343566313062303462616439306261386166346536616666
64613530336336303761326535316165353138303931356637656230373533316130303133383765
34613636613939623236366264643261303464636465333133643732353562613865613331393963
35613137656336333764393835363362663635323761333337623262666264333435306130636533
35316338643637386538393231643035393434306563363932323530636661336132613563666431
63326561353633616630313839613362366637653635623330333835303965353230613161393033
32666436623061316634396134333836393965386135376237316462646636333263333138373731
31646236623061346166613766373134313436613830376464623636346232643066326131653538
31623830356235363438616130393465636631653737623864386138366466666536346637373735
33626139346261313938336235353062666662316662393062326537643233306430373034386637
36343131636666383362643364313536336230323339326431326161353661626638383438313630
66353836313165313033393364613536373461323263643937346535633338623633323064393934
31376533356237356432653461613066323438313466356365343637383161646465323762356238
39643735306439333465373932613062373733636136306164313064636662373437333330306165
62626536336333386331633865353264336639643764666465336136633333346230326266373962
35356634613032656164333732656664373030653063656536353837393864666362656430386334
31363033396230383462646665626565383966666163376633656263336164653763366335396538
30376266396630653761323230323734303133643831306661343938376137363333353361663563
62373233386535626539346437386536343930633335663537636164616333366362373536656634
65653661346331393735333235613137636663363138363635653039396562623939353532613364
39333963393339316564353762626131356336336332316463663735636139336633663265353335
32316531323234346665653964333732313536323333383832616364303066333433393762393130
33633231316263626263363061356635623566303139653461623332346131626664653762616164
30353361303964363332383437393830326338396264383162353439376337623732306665393130
66346530313432363430376363333339616364616331386137366465313262646261396666646334
33303735653765616636386433323264636134333535613938343161373335333738623833316636
35316432386562373731633236346434643466373432633635313139316564323565616262363935
31386236313566626339616335316633666131353733623936343932396230373961623864613139
32373830356261636665653635373132623637373435333633346633383834636164383034303762
63653762643636386463646431356663656636633136363164303361333137666533643335383034
63393662363462393237336438353530366534363364326163636232333131653731323461646666
33656131316565633430366131626163643131613831363266323239623164653064363035633133
37356565366264393563636166663532343833396237643838616232353035326630323430646532
30656162333331356230363963633230346335323262353032383066616430386562316232316463
64646332353535623039653061396538343139363066616535626337373835653335363935663737
34616531663836366530356135316461393032613838393233656138396337336661623463356534
66613763303165646363656265653666363439616664616266646433343038383264363663636539
66656634303739306132626162653734633536373666333938303931633735663634346561316235
63393638303661663438333964353338303762333637326334613936386530396435666366376430
31646237333266356363346464653966633364353231363434323061633335376662326539623538
31613239336263323165623561646532316637663866353635323733356165326231333163663233
65373662646266346366623362613863353962616430663065383638633962613232653634393764
64666136353734613862643036666130343661643636646161643735356364346438653663386362
61353932306137656334316135643433613332613338303936346662396464303738353639626130
33343566366635636539376562616436646530363335393265336334343263376436363132303163
31343031353735383538613930393134346462653134363366323663346332316539643931363862
39343137663066646533343630303564326661633732336330323031633538313864623131333536
37376162343534386432363637376266613162363433313432333333306136633766356439666666
61323534393566633332666339656638393164623838313436643136643766303439336437376461
30363463343132383164396432363464313236353534666532346432646338626330663631653932
38346361366438633935643461376164343565333733393639646465393464366165383937663734
39656633613138353131623935313663653462373365623464363932633735656164386463653935
62346437363362366563333431353962643831323039323835383738663663343833373231616235
37623739316636653463653638333336626238613838353261373937363532303563396134343432
62356563663135633531613831313138353063643030616363303565303139383332353866613863
66333961643931373436636264363135306536333461623738633666616361366534656234316663
35613732373264323965653434666438323963336238343964643232313765313563346439623266
33623936663737346664333830656161326131303633303239393937333864663639353166393137
31633431653133633635303735366565323064356564313733333136306232613064656362636662
38633739666465633566303832626234373437643135623662663131663438613036326434363164
36396165653466396461386134656666373363653430326666323934353131383737333939386163
32326266326537373962353832343863376466363766356132383838663733633035393833396464
37396564373531663130343737363466333637623939636666343361383131356331653661613235
37666232316661316630393036333361323431663139396631386164663230333239313037643439
31636263656438643864336537383761663063633434386661613066633864626633316432303435
34626665636236383762643338363765303230383938303835373132663035376430656135613639
30653964383866356163363039386132663332626461313338303130356464656434346631366464
37393734613737623434623561356431336434386236623365326430393966396265633432623866
38653733323365363135343931343535643538646236623661346531636662383730373966323362
39343631636239326539326532373436326233313634333764656135646465396631663366383364
34386565343664356135326431396333623538646130656661383966653162343935383038383034
63643065633164313131653934646262633861336632313137623162616365363031663261303861
63383531656237646265373238303961346333313739353562386666346365633462386430636462
33336138356635363761396332646361366436303236373266623136386435313536333562303161
66363766643263653462303833306566373936313361343938623665626330323332666265623538
36323437646266323832363835396334306464643837383337353239363432623934633033363833
38633636313763626265356533613337666331383864326235396634343333633666616436306162
34393739383464313239613735373834663566333633353338373262306138393031336539393232
62396536353966663765326263393437333639303032383131373632653237333235373536666462
35653165653963613333626163663565353061386662393061333130373636343337313338316466
39666563303063393832373362316634636536326134393039393333346265646464366463653130
66636333333261643832643661396231333138656135626264333432333634313961313864393238
33336261333038373934633136653739303231663261643431323361626438646461633736616530
37376539663264333333353231646464626437356662386566646561626639303130656530303937
32623766623237306364303734666135303365616636623230626364643633386261316636316631
32313334373635383466363063626235373361663939643534633034623531613036346562376438
33343530636132393161306539346666346536353263313564333239303139633030613938356565
62313861383861336565326638353766636135666131646232646364336332306637363334323833
35376539303534323365656634373663633866306431656138613339376330323461376265386439
35623330333334333865623966366139643236363562626662396565363932333338323462383130
62393032356535386138646666353731343632653833666636303437356362316664616133393830
63613439336362376666326330313038363861303065363134303137633030333833316132323234
30613964323835633036643664366138306533626564633130656663346135633463646664373666
65386237346233333865353066353362396464653731643636343938396165386333323061646230
36386532363234363035316335373162303665303839396135653231313363613735646136323837
61363162653435643461373831636163666539383065633964356265363538363936613934363935
34316539303065633532373438396432393237323663323066633861386437663762356139353930
37376431366237383463613934666161616164633162613838326134633264353339323831323162
62313362353332323737393631316566316537306463623662666464623735626336396330626161
32343336353334306534323663626366363437653162326166643534313264393836346637333438
31313333616562353730656464623964306164653664333833633762313662303064616234316237
39653631653236323863336239383135363631623666626462343831373666306435623930303336
66383431346339643037336162633031343864666633613264356165656361646561643962326537
64396563636434633030303232616463613831663864623561646131636436666363363136626463
39383032386564346161653363613763336137386439353939316239623564636466373932643131
31353534643061316462396138376432363963316264396263623033303439656632616432616439
33323564353062303865636435396363343438623761613135656566656131336534363530343961
66333630653462663466313962653331333366383137616633626663353639333838653237663534
35393861376463663338353033373264333163633536633530663539613531366363623863633932
63663930666531656230663665376666316630666363633635313334333066383336333632376130
38363964306333356430646632356664373036663130303839303931623662613834626630343566
37633937616332623830326163626230613431393064373732633639373133316432333466643961
33303031376635333761393731646432646436383665386436633234356630303239306138383031
31646239313362653262363534303934633562393635376535386461643462373461356130646137
61306331336333373239663637363538613034623666623532303436396230653939363963373934
61373665343739616437666634366362636462393230633335626362663533616164366531373135
38316166373430666533643139306163616661373262313663623033333161333635353435343736
33663462623762323430356434373934656437343337343066626332623363343063396466653433
37343736343839346132653565333837663334333664386261613136633030356634376438376636
36666335373933393332646334653433363931396432383433306136663862376664306133343439
65303238396631643462383634313232366466306361346431613136383737373138386666623434
64396530633965353063643865313636393166373538616562363865666661323338313231646432
37343835313436643631343633373064646137396464323139376431346339643138663161353433
30356662666463393961303533623864393230313364643834396164376561663033323864303365
64373162363731336537636664613130383262343932363036326139326339353333323565383437
36616561373966303830623162656462636563316332353065613839303930363438333031636338
37633336316135653038383666663436656236643763386161393432373865303136353961313034
66613935396330623338613239343762613065613431313236626337663662313463663233373535
35356163373933326635396533383864393230346464303037366338323765373834323561386166
33643132666363653734373337376165653536653335356135383665643264613764323861303430
33373733303833633261393766613961613737383635633362316636333863646538613965643766
36353232636231373634343438316338626531366436343163353166306237633061613734333939
61336230373737663039663332333939653831646635393364653031356233393739663563666230
30613235616466663938626462306637353335393632613839366132633235363765623936336331
36303031326564313837636462646534646465313436383230353638343564363530653237613031
61326361353066383364333632626561393530336361336463393563373737326631616538646539
33383637376333306331613361366564336534336564333962653939643663613766356334396138
66636163303836613337393838316465623232653139323166643237376566653634616333373039
33373231613339393361313166393662643864396436666631633130346464386530663731383135
39316561346635383163666662313230306338663234316266363661333132616566623366396633
66333938363132343932653565343865303765303539626632373531333433393538653963386530
33356539656366633934616636383431633161646238326635353433643039316266613064386561
33326565373335333132663039656537313363643263303162366438313266666663663766376630
30333330353862356466383538396532343066366465373338616664353733383362303838633631
38663537313436303530616164663738636237326335303734653237643265356132323566383939
38353336363135326232336337666530613762353035356230613766663333623963636664333834
34656366313438626133623564623734396434336637326364303038376266303737376532626130
33643137633635383230323533356162376666643664653262643039333866636430613963393830
65623365626232326137653035343535623935623332323234316134613234396261323962303262
65613838636262303337663232313365333461386235333561333963633235353331633466313130
35353239643634653062613430313436643237636439313138393962356330396131643030653934
33393464666138383036313632643337613134316138623836633961306166383562613131663365
33303761353630326633323564336434313233663735393338663364316562373561613330396564
62633662333365373736396337376532306232623735353838646139343233376633316638383961
38633736346138313939316366633966653430613137313231643531366262363166346666656464
30353038386137343731663335386236646366613935386333353636613830306630386531643839
65633462623032343330336263373932353832346364366466636363663637336563613965326135
33643631343261373339303439376536366330373830353032303738313364663564636164623834
30313737383434313661383065326435366630646364363538643038623630613766373630386634
64653732366234333733316232393433636439343430386561306539646164393138653138643239
33343362313862373135336465353961303266623966616564643766613635306332386136356163
38643464346335336135373830656533633862653663623636666135653836346339626334663938
36626131653662326465346637643538363962333436373835356363366664656437323236623261
64366339353536323662633534646565323630323033346661393738396230613437356361346434
33323565303032383731346437313366346633613237313061653339633264623535353632653935
38336333306632333863326239353462316539616230653437336133386137356539303734343034
30333130653936663363666630616533373566633335353234316465653535656436336532356337
63336461316232633232386438383334386564343636653935366164646132353464326530626633
63383335663433666664666631613562313330653561363461333539666563396336653838343865
65316232626566323039326137323730643263303033636364383235663139303436326431386465
33663761353336626264386634353034383532636534626630656138656432356563623333396130
31303734383765633734316138323965313366373232363637366232373330613062636533333137
34666532383636373264353161323864663136363631343033616563393337316239373036363830
33663833656262643439643664303136326430313264383065363939653261613533356438316161
61636232326562323531346135663932626633363864313532353933386232616135396631323933
31663833323930333063366231363437323031393636323634396665636132616534313838386634
66386539353066376531353633336231666363366636663833346635646363303263623437343761
65336564336562343663623463376361366139316339346662353136616536323239313162616530
39313331306532643032346136343565303539326563623732306164633364633334666634626166
39353766633666356630303735643865303163393361363837396137633335633063626632333561
32663934343636303236643865303463326439623564393264376137663938613761333731316230
31363033333332303632333130613065353730303861663133396136646362653833373635646332
65396661633239353763616334353437363733633738636432613263656133303563326330326465
61636134623463323463353565346463316663636435303030343564363565646664663431373964
66663166373738323937313433353663383565346539343833363334333563363235636435393336
66616636393232363735396366383038383062633532623439633832636339313066393565653864
39326639366165393830336363333162393765323861383765326537633664393832353862313237
30613032346238313263353938653838656636643863393934333330343535623232636237643839
61353932653538353761646365386365363933386262636662616233613436316238393566373965
37633336616131376534376438386362333566313738313065363737393966653738613030633030
38666539613634386663353365643361343064653964333963356432383935373431346230653432
62343566616638366263393537366130633162663432393435316132373633343765656431656434
35643766633162376437356132386231373935613337353933656634383762393463653262323866
32366663646664666166633034643162656330666536613061383062626435306666356261313639
61373562613838663936363862383162376239623935363765363930326239363936376437663235
62626431323038623330383862653835393130616363393138393636393666336437343762363636
64646262613263356465653136633535323733346139396231353862656638373063626234653136
62376331666535616535323736316434316665623235383331363833393763383232613666663635
32366638656138353264646563376136313235616263303165646462343761623762666637653231
65633465383963616262346430323465343831376561616563393366643466666130316334333166
31333330386432333736323635303061396135393330353937356630396233663666313834663461
38643237373933636365303833333330623931306438636234383434383735663530333264336439
31333162613762393763376134396638363037623535653136346365623936383162313764663134
30656439653432393761383166613666303166333037663561336630396437306434383733666139
32336130303737613666616163303666303430393966396639353765643639316461323833383936
38646664386435353034303762653536376334396663373632616639386131363137303963656534
30323236626638633439343633633130643736386431646531613963396564356637393266316439
30336532626530326538393838333937633337353539373531386265373463393436376462386263
62343030343933653736613834613431643632343135383064656661383732323265313730373562
38313734316133656139323439633561323262303363376331636565326330626233313331343965
64623230313937396430663364316336613063333666346261646532366664613633333237326165
65396234633534373263393338306134303561313365313263663431643138666636623165323461
66316266343261326339313063373832323935313961623964383134306566633632343261346639
35383263663735393732646332303739653061646465363432396634376532613266303631646539
65383862623562613231336133666336393633323238376330306137363533616364623463363362
32613666353561613562373234663764333630653062316264333330626366663361396263666264
65383436303330373364343062393832326135356536363763616261346136633064663534616236
36376634633061633531356634646637626236633937663036656135633933306361303037363238
38353238383464366437383339343530316661393661333138383534386633613462363334613734
37363165613132336335653430613630393133346231343731366432396365363261363366356437
37376134653836633039666437356232323062313432663764306566616232376563323864326635
30363361383161366233666465623236366266653838343838653933303765653637323066663165
64316531636639303231623138383437646337383231346537363066326665613136643139313566
61346138346537383636353534626662306265313636343335633133323633376330656464626538
65393465623237323864303566306339626638353035303336386530383664653962613638346639
64636533323737333165336631303563393336353663383462666631666665633734393439386334
33323461383766656137656566656365393238313061643332353761303930663661643331623430
62633432653864343739303066386536326435386566373336323533396437346362613565336234
30663561633365666636323563623030663663656232636261643238616138313764393961613937
36613231653461356265643863373632393333663266303365326632626136343239626666616363
65663531333663346565633331373862363838313032313834363262373361316631613631633033
35613339373962363364616139383537356130666337333334333465333633373634303464333039
35366534326339613961653362366331376163663164616338323836363666323639366638366132
65363032636639303930376464326439616139313566656163343861313530373562396136663938
65353033396235393636343634646537383136323265636364356563316163306362366233303663
35356533316365373062326232356366646630646365343035303462356362343866393965636435
65656234623832373634643730623561373032376339343638373837333833316132643561383235
63636432343661336264356637643766633965656564336462303535656238613765656335663434
34616637663662653166643464663962386365646534356231666665353037663364363435386161
33336565313739303139343532326361383638303764383336303635656330663432653237346364
35656131383533373061353534333437323163313164633732613937343563303835366266633737
38333161666137353430653661366431336536386337373061343464656336383033653938636265
35306266316466303161383266356536346334326437346638313465653038363161356466393639
33343737346130343165613138386136393131316232316661623263386133623661613864353039
62613031316230346536303766376164336131386533313631616334363062653864666565366530
62393638653733303031653037316265383466623734363366363963303932336532303936343865
37303165623437393035326634616234343663356338396239316432356538333037366334336264
34303633613565353836616631396135623966613336393635336137343636393237646531376534
63363833396435373234626539643237386137313636336132363166636562663032393236323532
61346566633864616231646233366434643636353838313063386565356135393338333438646236
34376139343266623765343965653231376366643661343633373465613237646236303238633033
65333837373731303661353838356465646133383431316339393338663236383332663766386430
34303437613165313536666531313261376166623163616236383066323766356634613931303964
37616333646464383837373739363137376435636463616632316434326661633431323465366137
38306133333838383635363338616635326139633365346339346161633034313433336539323131
66376438656365626332303533656435623265343739656130393434653433326333396638646666
31386664393938633034646333363462366234303430643964336638326364333863656565353238
64623666663534373936363730383466393132313863393339393937323161363663363035653630
36626239633463656662353839633039316265383266316535616339613563326138336461613936
63396635346566333665373235373235666639323830663137366132353065663335653038323834
34373862343262646465636636373565303732343132656430326636393166393333323331353461
37373532316561623535393062393033323036343534396663323931333939333563353837363636
30316230313132353862653533366662633132623666323865623633616137393139653939323932
33343434333533666532306636343531393039306266623937396438323166393234653231353630
34353031393132343733643631353939393765346564376465393237313363386533666638383762
66666433383965666432396637613039303035613136373737383431663831633534376331653337
35396438343061356537306365663935656439346465383331376138633131336433353232666162
66396265396438376366353033336633333061373430643230383430343936333165376330353738
66303962366632636339623162623333306231346562353365303430346164373436333333303631
39306132333931306437346365333133323464316561346537386564623366636430616564323131
35616363373062663233373333623732346164663264346135316632343564336333613638373631
39396234613234343631386461656331663933343365376363333231646135303730633163666133
66373765393130386432656264643263633033653537373731316630613033353165383431613365
32623834323232393338663638616235383131653765383862336664643366333632313630303637
35343236643165663431353763336430336566396564616566333033366561316439353261363632
30376636306537373634386231396537616565363335646435613333643532643132343335613739
61643563323133326561623735613363376333663065393237396166616536613838613635663064
65386162373762613039666331336665623837323763353232343766373163306266303439666636
33616238656665356533376564363431633661303536326336383938646165326563376635313164
65353139656630303434376563653030316639666662393537633230306163333436656364303662
37663831643262613963633638393931393139356439646264656530386563626339643031333839
63313266376134373062633866656332666435636431636366326134303536303866643733366361
63633334646564663838373466343733346537613730646131613935663030336231643537656331
38633234633765383563623935343231363731303065656566386663346464316533366566373039
65623836323131666233313866623262353037336566626637306436656633633331633230643435
65353262636133633430363731633863333466336166666163666132626439663866613139353364
63323632323434643430366634323034666334303931336631653739386131663963303665316331
62313162323632636239663634656262353765313431653836663138393264376366653132626532
34373662646361353065626166363862363536316535653466623863363138313661323963396565
62396136366631656132303164626436336565376339396336376339623664383835343265393335
63313134343233376466323530366638616136326632353634303265336265626338656630653833
66636137303331363436626462633561363037323563643763333132653362323731336239353534
31643232646362643862313864383466663066333637333138356330373732383830643330303538
38373630633865363634333137613564343266333334303138356335316438363833646361346234
63303735373139333466376131366164386634346264393435373833306234313235616364623835
37653433363130383463383737326230626633643432313965326161636533366561643833393265
62633635326539333132386461666239623532663436313232353138633030616161623033383831
30333736306562366463623463333835383163336434663130323866666333323037363966333661
37656230336132376331623264633031383031333132313464626236363435303466616434373134
33393039633037353231376162313530663637383139656232376162626434666161656462323831
34313136633264643034656334386638323939623234633563626162323231316437383461383762
61386164663662316366353034643438646430386230643366323738623237663961656662376264
65333462383161313932623236383034363064633063303066353131303933306565663630613930
33353331666465643636343332376266326165303731356238306330393131636136346537323332
65633466656339316639393230623031363666333934363734626239646265623461616335656666
61663630303331316636653962313364316366366265613664643064313666663762383862363930
33316665336265383637333036373561373961376337346464656430313335623437396235366264
30363538666264636239316266626133393835303465306135323635393937336361356138613863
31626535306437373835663462313663333132306265636635383965646130666233383731383366
65346562326638323634643130373736623236666565323238623935663262373135303136303631
66333534626631613330363837393837633061333031653633343137343532393465353237353962
33323031623764343130643965626533333937666333383762653737333533306238316462646162
37313532663033343635353739626465653365646237376663383839643734343330373935616238
34633335393937373566336431353663383937653937313364336162393039376131343263333962
66653436623839303930383365393130316363653764663836643833356161663938336366373061
64303337653066666534653361653930303266653935656632303862346163343336656433353365
35353031363963356632306237633737336336626637393062363537386630323937353063326138
65313665393761373434643837663330616636383464343461653063666231633465333839363436
63373530363238323738396633316262383064646263633831613363383334613161626131313231
61376536323334326237346530633435376232646531333563666231613530393463623861343339
63646165303739346330366332636461383736356637383132613434633265333930383233343237
31386561346238643830393133656135336339363133623566373932656438386631343134393133
61643966653132613065623939666136616333376639666263366465386138363434313164346137
62333039633461313361353234373233623833383763623135383832613336353861356432336238
34376239613634313562636430363536366538646138373936613761666435633133383634393138
62363333313563653933393064313864376231356433613866343537303264373139343336643436
61643164303233636165326466393831353363363236393866313831393231323037353134363031
38343534383536626236316437313730666536393865666539363137366135636338366465633962
30663063303061643637653837646362336539613662616534323831643338663739613932633964
37616237643538343366643166393163386636663165393333383537313864356461646138663932
30653133616563393063343031663162343762343139363065306633343437333466343935633535
31393737356265336233373062386131383266333637353233326637643265353535633230336333
34613030643238343435336363313731623132646133353233346463333139396231313937323733
62386533326230373433346433313366386165373837376331383331353761333435633632366335
64323233353635363530663764303230353339303037333565366562306537313837386333313034
66316238643339626237356564663138626333643731633232336132663039343063393665353538
32306462643033643435366264633535363138363365343864323865333933633035386261346437
61313165333835363266306162393633313338386561303531373165623138336235336634376132
30373064326531666264663836336661363030386639333362636131316162646236616639356338
39646364393362343264313638383933633231373636353135633162383565333562666139656337
61616134663635383534306337613934376132666562383436353235663266333732326438373339
33653962633337303666306564326430663163323534343363626437663961343866396234623965
37396334633730306631633437336130366634323737313363643632636237346233343736663034
61353662383464376131316266656533343139353863383430336430376639383066303064316335
65363130396662333034336233666163383939386162346130376338666137363732303965323963
64313865626161363365336565363838643463643534333631623835303532323262386631663332
32373062366138336263373433313939616364663431383864336162666630643362303863326635
39343362643939666435613036323036363133336432643836633230613932646634383637333334
65643837663235386135303032363132303532616334333336386232636561616265313132383838
37373461616339346361613762396131356136356133363133613734366262633065303635373733
65633162306233333035343835343039613061613666303134616266336263643838663062353138
36663431306266653864633435336135393563323631363635333364666265656436376234323633
36313434383937656565316636333231363539336639316435303134663365323532323162653434
35653638346261383532653865336666396362616366363962616232636531656530363431393762
62353332363130396361623731633066396338353035626233323432343634393961653465316232
63323731646131353162343564343364623731653761326435343836386336323961363564623965
33626665666431363932613433386261346439623363623733353061643561393964666266343566
61633338656664376130396336623866303533633439613038613061376366663233386234663663
32636534333739376434643162373663613434653132376161356436363133316665653566393765
35393737666439333430346338383333613236303938333564363931393465653738336266626138
38343464613965326530623962353130633732646261313039383862343336623838666332363230
65316564663639386639383335323930653637353862366364396362376566356533326439323566
34323833303565633831653062363231323063393364346162653539656432396131336463346461
34653436646634323939646536313035626466613632363739343364636131336162623565363638
37313437636438663537393239343033303938633064366234646264636234363031326566356130
37623466356363306666316230336366336333393163313162316661663262313866396631643538
30366231373435363939336262643239373261336366336139303361393363316661353535353130
37343539353063303938636537393165616330363436306461346133643130666565646637646336
34353031633431323131303936393030303063613136376433643332383132303162373033623139
63636262373764653463623066653438303938316435313862346466313535353562323033666132
65333261656132373032373762626261636364356237656336303562366666643431336436383432
39336465636239316561343639373836336534656237366263336334326139396661323233386463
32633237613132646662656264656434346235613663383937633636336532616135643536373833
33643231343163663735643035363334353161643433383933343134626131356431663866666337
66313939386531336566353965653138346230626562373539616463626265326530653336646665
35366266633963326634636537623664333436383031363232363565346234663463306164393933
35306139346233356464333834363930313062653536653630333861326330623731343437303138
37306439663362326663343439353933363061383137333264323234373432653031643431316632
66303266343539373964666263663061393736626135633262383762636433643034646533643138
30323132616638363636373866313064303338356132353937346531323736343232643432346433
64323331613465623839663761303563633134353231366538376234656133633031633165613330
33336130626332656534326562353736356131316162366537383462346138356133303530616335
66646633633734316365333162363162333736373361653464303063626435313631383966383033
65306436613462346137333061363735636362396562626666636536623335303739306161363136
36356333316562666161363961626137333232633637623735616566616434303964633762306133
31353033656431636337353234373936396661643762646138373562663462323536303261653565
64663730643731613337316233653962663938366364326133626132373562613238373530356231
39636434346639306266323634393763616365353532393131386564616363323638303933633030
66393064663061376434353234303238363035633266373865636264656463306333363866393337
32376561376636333930363566666430646335353936396639373232303165353438656664643062
39386262376233383434383833633661316361313664396633373866623331313532383061376333
36366665343334393635666239396336633335643861353435303432373937323863353831366261
61363964356134623237363864323963333539353734333137376535663131303462383839653132
38316134363362383930613964313562303932653065393233396265666565653232303031613534
35643764613239653438636232396536613630313238373432383733386163383261393261323037
63346263653935316263316537356464303265383439383534336264396238653061313130616565
39366662373733656663633436643564656264386439393036366538653362663361623131623036
35666230383463613663653439376563636262626636613966363365653533343537393238396538
35643762643131643334343461316466336234376264613166366664336335653361373038643534
30616637656434313135353131663638646564396634343839343566396539633264646365316464
35613337613135356632613036633939623133623366393365383638346539303430633539656632
30343035346166363731396638633862363738316639393537643436333964346439356635393338
66393636643565383338313439616237333864616630633530303838633737393962366532613737
65373839376264636533313835663130303535316361646465363137653164333961613237643338
61386339326462663566383833643538633166353830343534383138343338653334633564383137
34626364306636343161626630633763663565636262626434363738363165613631306431653666
66343937656136623037323535643039653631633161666135623239623461386461613166313439
62313261383636353534376631663765333863333462633263373239663262306162666334613462
37373362663939646430336565383031383333616363623730336639353630376631346630613034
61353239633038393231376263376433383136623734356139333133383439396130393637333638
30366364623839313031333265323763356564316531393332653861313033613930353065303062
37303666336236383233333266396461613038393235633863393434643366363035316638333333
64393261346332363332313865356664313763356466353838616339346234336633366462336132
31656131336161346462636531613833303161393038303965613337323535616464386365613132
30636434393366376235623566663336343038303031386634623363383561656235366463343533
36623830653035383739393336383061663266316235663534366166346233643635353365306561
39656161353938323565376531623339633665636532623535623437333136663964303766623931
66303530633432663334326437343834616637663830663366653034623437363835666138343930
37636637643533616464633961303862323064383665323936303637373239383062333538373266
63303534336462393463366631326139383935636639333061373135383137626161356264313934
39633639336534306262643637613061656566336463613839336433626165636334393564356461
64623035306430363338636131326533356262336166663961653231663664326338386266316431
37326333653032316661656339646438393435326137666230333736373836613866643531393536
61653637643937326634323435326438356565653830656637333730623064303664316133643166
37383064326133356466633437353534353561366438373638663630653261333034303966313130
35623364666131353131623835613638366537373735633732633262633166313933303930326365
31613263363239303237303162396633663961343238666431306231343434656665336136376163
39336432386134333966666230656262366235616239633465333136363432333438646662396164
39643965336631343764656232633463633439366136653533336633663865313939343264303264
62353534613661346332323738323234383961343961373961376534636665343563636665666361
65656662333635306439313133303764633634373136336436323362326165373764396137353235
61366435303530376436626239396436653135396462623239346236316130666361656637346338
30353736383265626537323534376137653231396633666361306434666436353565393563343430
61636162666331643335626530626135303730366264616365383235316136623334396330623765
62396134646332636134396230653863373730663962376362626635333861373439643264373066
37386535663433323336343836366438353964616336343165343933653637353962666666303032
66366661386530383266373963313537343137663932323031626361316132393839333565353939
35613462303065356462363232633034633739383266633735633034306632616136633637396538
66313731666638383763616366626539636131623933653163353065373834333761623265653132
32313366663062623765313861306261346533643832393361333735636164373939313863633962
61643863313131653038303061666264353939366139383636303130333665316535313039633530
33623136346166343365623862323932376364623035393661306633633330613438623264386631
33646231396637643561616437623166623265386332393538376463653264666335666636323562
61636537663037626536366664323733323234663030623933326638336435646562366165396465
65373762646537323266326332303332663738663630633264643531313437373863393533333933
63656535373333336161353838323233373930346539303662356337633766623463396232636563
3531
