$ANSIBLE_VAULT;1.1;AES256
36646130323261643239396338656665636363343163653731616666313732663839396464343433
3533366631313531373536353962336138333535363636620a633535363333623731643339306434
64363430386261653033326235313330623639306135313263616137613565316135333362613964
6365633936396165630a313933666331353838353835656638383733306663663264383938643238
64333935393632313535313639343033383666663837643963643263653533306662326438623966
38366239393362313964383830623965373731653162653533353231326632353239326336666334
61323763343633346533393539643634393666326637313561363330633336393136333334323261
35663735346161656235343430303735633763633832363139343236633366306538303031646130
31613064366366646566336562336335656339633939656239653435393362363761663937363838
34396265323238393731306165643231656265313639626133386366616432663263303062393632
31656166663238366231306264373530653663346639633331653161396263336361323533633761
37643937623431373339616662313862333335613463306564613539333331303232653766383938
36313064613539616337393639383362616537616365363361643266326337336537636363646463
38323764646266323135313735366361663533366566653932393733323738373838353364663161
39616266633565386633633731613330383339333031373263626135346638333137313064336436
65636264613664663735646634323163333366646563626134356535626566646662636433323930
39323831373833366431386665336235636335346631333264643237663133666538643962303438
3738336537306534373765393130386135313034666364663634
