$ANSIBLE_VAULT;1.1;AES256
65613231663062643661633032646230653630393262666335393566316335643733363066643234
3235353037346139623163346664643063343138663938300a633362653539633132373739343263
63666662306137303161356131636335643035393334633139346337636332316330323965656234
3262393565656539330a353561633861393839306462626363626139313937393231623166313164
66613137646335633637373333353936343630366531306366623634623665356566663431373039
36353066666532666261643864636431663034316233366561363633356536376239303231313632
30333530343239653333393661373462643032366666343932663761666566366636663766356534
65663232643638383131613763643966346361643735616239343833623961393331336364626435
64626438623538393665666236333037373339363733323763353063343162636561323930633562
61303864393034356666356234373464393063356332656537386535616239366137356365343831
64643061303731636362393634396231353530633837353930326531656564626663393562663931
36636330653461663964373530656437666563306639623366383663343132376164643262353965
36396433346530373930623338613935373830393336623835633865303334386133353866303837
62623266316463626161343837386461613463313864333833303039616364303465343563346332
32643735613038663863303037616162343532363032393564393234303531356339643433346463
37646136323735646630
