$ANSIBLE_VAULT;1.1;AES256
38386139376361336531663936663139356236383035623636323239616230646561366462353666
3131393765616365646562396163666563353866616436630a353832383464373766366533636365
64383237653662656634326135316435643663616263666665386135393865363432666634373431
6135646235643733630a363130383961356237643034356534313330666337383833376137393662
36373332313239396536353433653834396436366436323236303765663339376339333837356464
38666165663561613134306639323764623830346662326339386265373861326635666536633832
61653830313264366565626561333536636530363063613336343862663631353432356432303937
31333934333166613366386262333737336234323061383136663531666561663238643930386430
32636331643731336338616335353439363533356338326339316232326237643735663163633836
39356639393665336430663532323831333036643161383465653934353263383562393165616130
61623632663631643630316262383461383833636438383665646538326139313563316539373766
38313432356132643962633338646238366239323662646434653737353264346336623832643930
65636238663766306236343464646332346538333238303837306466373361373662383631303963
63346538356131613165666236663861323463633539363561363732653265616632643264663136
35636264656261656562643962373938353863623932386161323466326235303736333033636264
65323531613034613737303438646630343563333434316266623764623838376264383939316661
66353234663036333937363333643664653462383562373364626539626561333534326638366235
31663933323261343763373238393765373464316661373932366331343936646363373731373837
30373238326664343064306631643164353534616336323834613537343636336465616461616265
37323435373263363030613136663966336134353134363234646232643063393139323964336635
37626166633931656663353039373237666433623938363133663033396563373766353361346638
64653165303262376330326539373738613937313030613530376230366665663464383661336235
31393863636461336463306437613635633433663430356366636437356530666566656262663336
61393435396665646164343634616435613730326366326638343233336631653633386135363637
66646163373864376234613539303436386264633530616134383839613331366163326530363933
33306533373561333835346539666336633963366633613630636363393261366664666638663437
33336363316534613935306131323763313432633736383066316631393139633538323231613066
62623266313030353466346133646139303166306336353832633062653834623739613331653362
66623030393839656431366161363737626638346536616565343035613430326266623233663866
62343439653034316262303965613563393563383664376461663533306265616564633665656435
35633431663362623833613533633730643538313335663432373237353135636137613265656236
66396630376533366663316364346638663931376461353238666661323736363737343532613964
31643535353061313962353435653633643433613230656662363632613763323631623964643935
62623935366131326364663165386536643964316665356638623361633566323963626561316232
39383236393838306237663732626266656634373264353264653262316531366530623835396465
32393335613731373664646336326334636266653336613037333835643931613438653861373237
32343631303931653666646338386663366535623632653437353139663339303136383630346334
64643131326466386635633839663539383038656134306664336236363766653938333865336463
33396639376536643133636564633233386133313332323231663935373530376265366164613561
34363030363531303631353434623531613838336564383335656537343834396365356431613331
35343438623334366566306637343765323937623865333431636461363764613238616262636634
66366534386138323138353064306266613633666330356534316431623062336261373130616635
61356663356231626338393830383661316535323366376635343738636437356432343831333061
66386362663461346462613135383734663238303061303934333532303937366230326334393165
36613532626665316366613832383635623861396233393334623130393533626639346564666134
35643230323362633637303138646363336563303862653038353334366639613031633739656463
30306366643835353839376564336331323038373635643965623937653162633335623732363730
61383236373665343864346637346235303161656366333263616465633933616232663265383234
33666330626661356663333533356164396234393466663134623436623034343539356337366633
61363333383061363732323966613532623331323230326163386431336337663962396263373833
64386563376562326361383035626137656438666131303139636634376531653762316664613138
61666366633461363831303135346334393132663633336362306235363334346361366261383136
66363734663136396230346233616237313838363537393633323735323131336432383330316639
38366663623234313333656639633163663065653835666634633663336664343265633366363266
66333032373164666132616639633632383939313838373165386163333736636433363836366666
65323661333730633136396666323133336461646232333162306339383664626134633533333437
32363066303365346534613963663564623732333534613935623963386136373637616434336537
64316533316565316462353966356337353433326539616566303631326136323237666334386363
66623839623131613030386464363066653130353636393939356332343264316336366134333538
63376464346263623935386363663533353232363637626339646630353864623638656232396262
62303264656463343739306139333030303866396138333235353965616136353032306166643861
32393330333266393561646366613566663131646338326139393264396537356362366166386131
61336134343938663439373366653963343236353764643865623039303836363463663535643830
61333362663735393833613038393133386139376366343730323466343031303562663531346330
32383761343736343535353865386235393137333964316265323037363431306437663334353166
63393531333634376134626137636163653861353734363935313562636433366637383737613836
35613837383866366431633235393933363464396539656164666533633139313032666562633030
31373462613137303130356438353962623233383531353133303361633464623364353630366563
36313964633233633039366138333336643664613535353336393965626162343234323732353738
34353030376661376662616235396566663365383262353961306532326330333762393165323761
66316165363231316665393833363564613235653066643433613237353334393234643934396338
34333564316432346263366131303936343565313232623438313034303931366338613261616236
61653834633733353264373866373936653132663139663364376433333166623061353437663839
36626433363930643333383136363163383330336439633632653663613162386430373339613935
65343434623530313663643632663564323362356335363038623038663739663737323935663235
37376666656637386164346139323839396137343263663935313338363832373034623031643166
34363236393339313930306530386565303066343134353131393165656563626565626534613033
65316362613164306133393463366339373534336665626435663038613436653363626666643463
64383839393463306639663561633737363836353332613639346233346536383961333564653437
39656162383230656630333261316234373139383461346232666462303432356533343766336335
65383738303361356332626463353464633065383863623962336639326439633763313831356263
65656161376338393164373465333633313861363333663832393730303731663234353636646461
64646365366330643464366636366631396239366139343432623762386331373066636132623335
65373531303065363139333264386261306562343734343137333938633633326262623062666662
64313739356334393132623365376336643566653864616664303830393731643333333566643238
64386136366362663665616665626164323363656339306434643363393336343161326335393062
36623035383936376436636365653437373564393435366433313138306263326537396161353939
35313763636130373235373539613531616661313733383763356334363435653762623338303434
66316366346237663565636239306234633035313864623265666166356231376561666561663238
66306562363434326661343736386362353439393966373464363730396465626439306363656437
30316233313663613333336533373337346363333736633332663964636464313631373337386337
64353463323731373463633265383936383164626361363633636663303533363830353133313936
38353536333838633231343537366335616366353163623038656630636433343362663331353837
64646231393862303937643032333466386539386533363863323932393838376539633263386131
30613763633865633764613135343465386631623562663864346636653731313262376134656237
38386637343833393834343562373936346537366638343438326165626565306264616364353635
62616336313233333063386232363237626361373261336565336161396239386134396236613866
65626463323030656264326435633536356433613638326439323135363137666163333965343363
38396434303234623863616434343034396161653537373138323436653531613537323839396631
34363463653939366664623832323036343963386266623162613166326631636135333864323766
36636531346231613033313864326163356533386534396539346236316235396336343436646433
66303232376162666335653266393364663231393665646137313963363835343731336361343436
62336238363037396538343036323136316433386337316639633538383563393061653536396661
37623430343430303530363462313364353737666562353961663036383438633439313866626234
65646366343161613933343464666134333736373035653964316366393861313132356537313166
30393761616432383661386238613637613166613337393235333437633364343733653266346333
64376564653339633965393936366630353764373462326664623865616230343932393830306539
61626439646531373763633136306462316338333737663765383032396535613164616431656536
37313132653035386564316466353836356539623632643731616231396136316165366164636337
62633764663331343261356266376238303862343835366364326366383738626434303634623936
37663930656364376636623839613364623463626565616535323036663262393965353765643533
38636238643463346338623130396538633936306439326630393630303632343765366162626134
34333066343635396263383664326431396230666536633763353365313333316664613637373863
66656637333836303131373836333965326636323166333831656663623739643765333561316236
31386539343264373461323237623234383937636666653466653931353530646639666639643763
31376232323435303039623139313931393336363537353433623436326430353631353161396662
35363365333135383065383963343938353666393665663533666138303061396539323865616238
62623634653263386361666661393133666363623065336161646132333534636361646632613335
38613733353466393932396639323966373831633933353462326532396236333335633935323738
35323662396637353532346634636363646461616235623165376334613363646338653466626364
30383332363531653636393331343663366133313131333032653962653638306561613762646435
30623236656332656635643732393134386531383836313534373134653738393036396634303636
38616463613662303133363633653865386435313630613230646262353765666634633733633830
61313863306132356435616133336162323630643235346331396639333234353936336332353535
37376561623133633433633566316533323830323963353261393033616433653334316139393732
34626238326365623765306335313263333363303365353337633136663734366632373034643663
66313335616532306539333361373464386166393330613766386565613462383133363366323066
39343065333638323730626461343536303730626335653863333438616464363239666361323337
37376434316435323538613732383135626539316635363665633231393264363033353066386161
64383638353139663765663662613264636564626363373964616234363962663935363934616331
37313566636238353939353961633132373632616330333338366130386665353966346464633966
35653939653138313832636137653538363039616561306161656335373938313530373037376562
64626439366664343834353536316364663733653135313338326538366630343430666236373537
65616339356536343165306131393862363035303733333731316438353962343064353166333831
33393666386361343166393861333137653965656134663861343965363763393634643866306563
33623934353636363563643333626138323130393963616162636165343466366631393937666464
33333632653334356633353364336264383736613230313165373238316561663736313230366365
32343066373862316438303436353739646332303363393266326565616634353533306637363738
35386261633736356663356331633932663031623333303834336365363663393930316230303833
65373231346335623130376334666337356633343065306438363561646161383665303139666265
36366564383133383661366133383165313832353564613938323439356533373635393636653038
39623663363063306633303130356136383565613339336234646665386232626139626236303765
66363138616636363430366636393062393137306232303536633235643666663830613762626230
35613732316234306564346263373736643236633166613836393938633261396236386665383338
36653161663864653336613236393330623965663665313830633937316439376363383831613461
66373332356434636336643033343161343536336461333732396565386133393336626666376131
38353463303965626663373463616163343531656661656633376566613533383761353739306362
39316466366630356531343131663434373061636165636538376635613530343164343966343531
66376634396632633361386664656365656236323537333030393862323061386239613030376232
30646334316361376666666639633237633537313661653137333262616337333862653538383739
30366461663664323230343930386136373035343638376632356133323235376663633034386665
30396434666432663666633864366639303435646263626661616635623965353664336635343166
34643430643237343437616565373261343536313638373230316162623530653936613136313231
32343465343665326236363837326231366533313835343133656561626164636134643563663234
33323063653137663161316537353463333635373966656237393938373939393164323933396266
61386330643730373062386430653038646131343733623739386139303563633764376436636134
62373135326564643066663262653439323562366434616632303561303934346563313066336635
62666664333038643034323662353861616134663763363362613263336234613861653336383465
38396438396333383464316637383631383834316134663130366131633936613563353666333839
38613738396661616466633865626363373232666436353564303063616630356235663931393530
62636665393934383238316234373430626266386663653738313038663666643432313562383330
36393939316266613039396565666631343834643761333961376434633639366432363835613964
39333662623637346166393834363062363161393039333663643930356465373766366361616666
61306464333237346539643039386466313039663038303237313065343565353938343031663362
30326334636334633530303336353661646334303030646436346462366637363938383136633330
35663032336562616633666335346436323663613538623462656365376462643937303364373961
64386464613664643130666232323635343362626235346431396263303264333461643537666563
33383730343366313461313561623663326265336133626165376434333836323463656438643938
61653638656162666433303132623666363532646663316664646366613866356532656664616233
64633431323761363139313039616262333438333664663734663862326665353338323466353939
38366535633566663561326637326533383035626161656533666535373938363636346138303765
39396635356562316430663132303137346439313539663836386230333630663538633230333763
66313136373061633131656133323030376266373634323835616235623764303039613533316162
32383835316164313739613235626534316663333631613465303336653231303133643261303139
63323966396238383666363737356434623132663863306431663866613833353433656139386165
36323137646439336364323533343530343762643739386534366438633133623361616538616465
37646130363233623939613936336664363734663533383966623361373865636361366665363566
63373031316564313533623133663039383766666134333835303664366231353832326636353836
64633334643235396237313737333164653162643632303461653664383564386334303262393963
33643635366236643235636632306237653930653366356139333331653539636537366336393336
39363439343838316363616636643934366139616232336234643234383535663761306461333037
63656364366261383038363461366630356333366138613830643132653631393861613736306434
64316131323839303838633865323966646366376365376533366235373033393338643930363663
37386566323732393738616132633738666532306537653764323365313565653532656331356265
61636335313533303936393661646432373730383466616439396538323030663037376233623961
34306136396461303638346164643330653434396637333862323235323364613332323164646135
32613866316136656439326462376432336233393839623435643933346538616234356565333339
38383462323230366231363433353033353666663162616631653238393262313266623062303765
36316264616531336337646461636663333634303337316239353133363162366138643666343030
62636664373066376139633865336562393530656663336465326661616630623638333362623133
64333862316630376237383136653161366131306135363964633630356463346539343266643836
39313534343332633461643966316566623063333133376562306262373264643230366633636337
37383934303361393761626230623061653436626266393537316666653066373232616635393264
30373065623665623464643262663731643638303839323435323433653139313035616532646331
32623135313666616432663530626630303135313861303364653062656165336166333638663965
38376164366463303965393966323263313638303163343232356363323562643763386234323261
34393338633665383833396130656138643938613035313039643764326166643366633831323430
32326537616662643866353961393361643532613564353534326132636135333033636135316531
33626334623039663930373366386263393562316431333766303761613337633234376434643863
33303538636638633963646238313565663738646331316232323437646232313231616133616233
62306630356530653062363962616337613132613036616231363362313964616434376162316662
63396439363638666462643635636662336364353435303637323264303539363330303832373931
61646639653237613364306266343266373761643934336130373130343736626238376636653536
30633037393830326131663863666332313135383630366130353532633837316233636335646634
63616331653735663663343665663261316663323436653839343361633462313139306161333961
39353066623431616166356663373639333561623663316464373639666664656334643130346265
62383237333665396136353537336230323436636363346239613932396232646165623939336664
32633535333262623631666333356230376631336636356566616136356337636631393464656339
38356430666334643832353733316234353833646562343530333965313665363439323438616362
38636166653661323362306564653862306336653364396363646464653863313934333861356463
32343634303333653762346631316431376336633965306131666237313465353764633938373161
62393638383863383136363031613334306433386364366330323635626531383531386663646666
66383236613064633837623639333664663034356233616365333863653236306238323865363466
63643265383434326438343336346536366534323731646466313539343734633830633664313865
36616636613164396531383530343965646364376331613362613138353138386239363136626538
64663936363239383566356631346231363665336162363039633230633961613838363733336135
61303833366632313066633062666531326161353261373865393434343735616563363033303265
66643761353931316633613339303735303763366335346332643536346131343733333632613638
34616665316339373931663636396132316338333231383232396264333766366564383034326363
30666562666165306365366165343033373631636535653439306331366662643836656130303935
31393832376263626639643335316563313931306639663338616433326638316136383832333662
35373039323134613938343033656666313032383439316666313766353161653737383437306361
33306566383233366361323865346630383631623464656431653534316239393931303831623361
62313662623734623931633566666233663263343734346132393664366632663663383466383465
39393537303966656638653336363636633031353466313065396563376238333939623830666236
64386638656539663935313439366333376133663035346232366334666233623039303931316231
33393263613933323734646562616163666539646131313032666362346237643963633936306436
30633038623463666639363038313366333466336635396166643266643365666433333261343663
37616431663661303264656231333139356636613630646436656466366434626632323061636563
32313238353063366432386466636561613331373162643035386365646231623038306565653662
66393863663438353030663864316364386532663738326235383964633938366332663863333638
30623430663335326361353637663133393062326236346465303230396132656564306537616133
33333066613834623235636633366233316164306133613561393065636135303332393236303836
32666232353166346135356566656139336335306661343232363261356532656437336238346562
61366566653561356263396533303038643162323037303131353461616361663436363163373265
33656431633166636366376233326539386665643033303234333936383464356639303266626361
62386264613630393635626633666133306330386232343261353261626137303831313262663635
61646430323930393562333832646238396139666234316535333762653264343261623464383666
35356239363031393065316538643536653637313832326461393462373633333736313733356634
62326235653564396331323632333134306366373063373234313934663939346339646465396438
38376330393662336430363631373739383664366231653437333666653766396464653565316635
34323934316332326265636636353532336663343030626266313733343732643262363933383434
64366135643165306436663062306566323966653335333138353636363235613365363261643364
64303439623835366664616330393535623466346237376465663535303037323735643135383430
38656235613434373638346539336563326631383961386662666538616436353365333465373563
32343063393433633666356234653234353033303031613638303739313964306138386238353731
61343033646233366164383738633237383162353130623534343235663530353163623433356533
64303734643438316637333030636333343839343730393262616364363339626337346561633161
36623933383639633366366432343835393932326166643937383339333363393233313666303835
63633765656564646132623161653935623232326366643035626636363937383335393037356162
61363536623035336633343536633666353832353836623131363631303861383034656132323731
34663266373839323063653463376164646637306337376439353933653763316432366531666366
34616131613462323136316261663834356664333735316231343039303734646563363166633534
37663961613238636163623830323931646638626436663933396437373438393566306438313233
34386635363433636438366362333334373936366237383436653430303563613238383461303565
33323364356138376631313364643330373032613133663733653037366432313831383034393562
65353238366234376130363538623237356261346638303664393234336634316435356631306233
66323332346332356230646437666337333934363430303839373837656664323232623964653266
38383038303362666233646435316135363139353739313364353464313835366162313864616431
66623037323930313234363363326435373865646334373138376163636135333663663265643236
37636139393337663330373332643934376633343939363433383962616239383962666634303566
33356431663835383263646238356565663633656439326333623636386463643664626463633266
30663838393864653639656261363433616635356263313466373138366363386562326339383062
32376635643865613237613137373033636264653964396139663837313338623134343336366362
65626630393533636333613739353035363332616233313337333632633535663739653862313631
35643362323232316434333263393234343731353964366466656630663634653538396230336231
32616163643364396465306532616561383830373137323962623862626132323333363466303662
36393637323838336334343639396164656433366562306439666432653430383361323033613361
37306437326335376363653536363063613638316666313732623765363362363736343861333331
61636361626433343430623136313961363036633239613733663366613733653538643536303037
65356162373330313539336562323063643839333765646638333761613532383862363236393766
63666236326338626138313433316266656131333135343533393735623434383264343562343766
63356132386139366366373866626363306536383435386637386163313561663537643730373565
62646538633032633561656365653765316162333038636665646234336335316136303831623438
39616335363464663632613463623639636432636463386438613161346432306535333963323539
66653465663436356162366564313235333536626632653537343233386663623934363263666565
64383363376661393464666530666431396535313363373733653538626362653635626166653862
30343538666137343639633862346466383633343266306237373830373935353065376438663664
62633031326236613438376633646362376235666432323034333862386532623530316263396132
33353232313166383065303964323832313835303237363233613036303434376362336463353432
37393831363136356261353338623763373662393439663363633934666462613232333631613639
35653532373365353962313532613462323466313538383266393533623336326235366131663965
66376632373835373363323066656339353838626563633733373536636336373939616464306261
35623765336334363330313261383132613763306332633464663861646130396332376565383861
38623464363662653063323238613337303636323261333161656133343635633962326563623230
30306434386233643537366632626661313461383233303533666263336630323930613037666566
65393230363834313764333161363334376233613334616331616639613662383131323432353962
34643962393139633163653661356538363364343263393739303265613237303661343339383265
61663964346364613937616163386434366135663464333130623663343535383365383737646361
63363962356531643835336264643035613661336136653434383130643565636632343462393934
39383831353338636239373963303031656132393730376631613439633631326137306131396134
31663062313866326366313562313538336362336466393033383737303637353733633639646635
38366430653634383037386562326166303463396139666530376134626138643539356332636464
64646135666239323861306464306465643761396332356531303563623132393962383737353230
62323833663732363337383363633438333361306634633637633361646365326533613732666464
62633732366564326335313239643835313437323635333335303336303932363630303033666130
63653465633733316462333063373163366662333061356435343536653065383230363037336534
32623262366334653837633666636463626235353162623034656566656434646532613632373839
31363435613364633263363338303761343665663835613465343662366631363563613861383933
62396634356234376438306336633764626439353665313938333839373462383866343065383261
33653463643535633133333564633665636131623839666438666431633534663565623237363964
36363761366230323839666539346266393631633034386361623563393963646532363935393833
38616535653734666661393334633039363066333831653663353563383261383636633533396164
32663636306464643539633462306135323062383232373062343237623463633634623264316234
33386536316136616236396566333336623231343534656632633762353238373932396634353062
35316434383536353937313664623765376230383261333266306430633333356233663039303733
32646164303533396133653038623964616563656538313362663333323165303661363863623437
64646135396337386534626330303738306232333166363530343934333533323261373735323737
62373039393437333336623830383964326230366263366334336561373262613261393363346539
32376232633236643332353234626638343265666262356530303866373961366439373861373037
63323837336461393839313561643131323963656137333035396365333931363464316661396237
35376431323137373734303662336562353537333361653765643263363633626566636531316233
32616564633039656535656132343430333838613666643833643761373462366233663938653833
31383264373631323666383137616433363565393931326335313464646361633539623831313566
61303034333538303831613032313864653764326566306439653936376630306564303462353866
30306563613232646361333661653564326563386139313865666566313562623866373438373931
62303861653664346138626162316335373239313430303439353532343838666133393463623961
33353134353265353134383532656139373339376236653339386534616530633532383465323264
36333230633234666666613933323733393461646138356330393432356231386166666364663364
37346135333531663633336435373530663662653135393637626363383836663034656535656433
32653531356263343366623238656432653364373335326235313265613239333037393564396237
61626439313463633532383730303137383132303032623163313364356665663633356432353534
64366135353965636466643936356132613565633339373531316662663339343765393330316665
34663537633564623364636436336164663265653530663930363130396162383634393036393336
65323363383665393534626132333866636661623161373938316366626264316432343634663239
37646539373531623434353964316231363664666663646463663533666562343565323964356634
36353831303538353464376439336237356665303665376134316138333039623963643139656433
64656563383762386666663866356233636438336561663365306163366134303530363031316236
62663562643334326533363933626333336639373061313936383032666664646436363165326639
30643237616437336332336463623366393564386239316364386566643432663063306231636461
39366335633761366434623366333333353765383636656436636634666531343437373031666233
33356563353139633036303336373535383830643165376236366138616465373934386436326239
66353965356565366336613234636338656130623434613838303634323532313339633762656263
64643364666331336632363235336638313365333030623366346432663635656136393035663538
64333737366630653037356132623564313065663736333662323063613965626662613434663531
34353530383938336235626135356665643063626139613564366433653764326663633361396633
31636163323330323463386266396339383132346530616534333234636636383536643866303763
66646664386537663566303031636562333435396666306533386432386561313664326430393130
35373462356465323933623861313061363237313935393930326132353065383365663338336365
31613764393637353836613839393731343733383264666238323532363539333132363837613163
38313664626363333838643963353735316639366539346534383663306130333764303132316263
33316237303831313332373664646266323536303238643264316232356637323330636565636163
33633166623539393031303733633333616462326164626136323532366264353038346565386566
30393035393834343231363534303133383464653039633732623937653938326335313665656130
61383239386364343163643333303163306234363539623165323535316464613039356337626664
37383531653339306636326166356635613564663837316639346431626565643436336465363461
35666361663132353334643962333563626663643562626337383165313139353039646130393565
34333130633364333639346533636433623165336131376535636462343261363537373734303130
39653232393434633763303563636363343064336262643332303234356237336132653432663535
33643764343438346631613432663461323265646433616264333235343033303165373935356639
36303061343036363532353761396537303135656237306333316661623263363962366436333838
61343433643331303066383366653631666563633239356132393839336465323366316235316332
39316538643639623861656539626462623138633835326366363934373438393533323332343736
39366137616137363330633462613230383933303131393933653738613833316239343334656564
30343937633536666539393631663731626663383631373235303839636637383364616238653435
65316433366636313430376635323231633930356134313232656531323934363733323031646234
36653633303331653131313931353438313737303465303336366164336265383037363263343963
38643537353163396230303164643834333035336534393834643764646261656261343634353432
65393338343331363631353939646437656162396362666565346130326635383535373032613364
66376335633035656539666333633064663736386262396464663630366161363631653463653330
38336335393037303666393663383233356338333465613338313137396666363666316530333462
31366562643235636135356334643639643939333139333662383132376363306236386163393934
30303132376166613361663037663664633033353235376331653934623632303236373838346264
35326561353233303431646133333664623531636535626535346233646432343864363461343463
61346130613165336331326634323138663264633265633062346361633065656335336661656638
38663663646438323137303437356438343735376332323531636132653736666531623036626535
34326665663564613834346533376530336662643264643664353039653034373434336533353837
34386363383264383931666263656439363966613933346664326161666633623035626661666635
36373232666137376564663837373465336462613635613038633235383630346636313563643039
61303739393861323664653762633936626561656338313564663238353565373066393036396337
64303335623732363130303031383766323534383538333530346463633363643165613131356631
63356265336231323531633930303661333961313561663161343862643930323464613662313432
38613463623236663935323764653839613562666364353739663864316638656362303061303732
61616330633339393365623231636334333434663738636234386463303934393139376661613130
66636230383565376338393561323763666238303833653237636138646161386262383263623162
65623538653932306237613062666439363161613331643633346534613631343134646432356632
33383163323137646430623234633138613933346262353034323237353539386166313439353433
33346539633836633461363030353361313231323265656339303865653539663534623931633136
62393361623336636461376533653635623163613933353163353163656365313034343038656139
63366363376437353433366366323735666265633432353966353236333966326431663336333161
62666232323035346161343165663165646138623636366462643062633864353433646434373739
62663334663137646632376363346462626634353565633135313936313665373232316364616139
34316534363833353431646463613465656261666335613734336231323664333535353564393462
35633861386533616361616164646330366663643665626362336539316165366334316665616537
61366263663931383762333836306536383536313162636564636638663838633265313362656261
32343933636438336562313364303866313637326563366530663231363766303334623131663538
34363837383766396132306138633362313365333731613364346130373735366137313330366339
39386362326430393336316463353137366431666537616137616139393936333230633966353634
61623132396339326538313061383533366463336533346561623732666630343739663965376666
30623735623565646435376662663338393239356335636337636234313162616336336131303130
32313034366562356564323334393663653335653535643330646336656535396462316332613532
33636165653238373931663466663930633634353536656533363638383636663735313830653663
63613863646461303865316264323062386266636230373133393463303730333064383061373861
31663336613237663134363831636565336333663732363136313262643562353565303234313437
61376162613430653162326465653239396231383664646663393066326236313939353862646533
31656435326535656331663962383737396461623836656432613134323631653936373238376365
62663262633862356637633762386164666163316661663435333937366233386466346561656666
64356662363264313563656263366365313731383761376565333430363130623734663330306565
66386461303662356332346138666238626361393433326366383237633563653837373835316635
32313838393633626139373236373134626166643538343331633934363335306666303431363331
32366439323766376238376334356666653161346636663764373737666364373738336330666464
62643238363035613432613534343835626237356430633461323464326462613938353365373433
33386139396536333735643963316334373531373735646566313831613437333039323230666638
37356239663965646264366632373637643964343239643566333735346263346663376630313862
35666462373838653134313163663964306534316263313736626163633461653161313133313965
31383764326434633963326130356435386239623030663438303036346637636263666335356232
62363132363165376162373234633839326235623831633530326462373365633932313738333432
37366362396362626663383937393136313835396162626632323235663531616437356662396239
33363133613766343136636531363330353433313834633638633830646131383366323939363561
64353366323737383764346530366566383738646666323761613139343935306361633239373330
38653464633030613139393838333634386162663939643131643930323839646537653964663830
61633632613935623034666530613633356430363637616333623634656663343062326134643363
66396265366334373130623966383763373862616630353831363939613064373764613139653566
34313335353134323634353530633733313232623861306239613139343133616533626665353366
30656561613038333566323438633065613765613430333735313934363238343639613664636636
64336433633439356639396263663039333435323930633662386436333236323338333131323864
30653063363934336266313062633532653362616662373966373232393939656532306330666562
35343532306164383139313263666436363036333230393534386661613962383361393434623065
61653733323533646231363663333036646339363361653339386135316533383538373161393736
64653165313332393938363036383166323965306536393665396163663037616236643162336535
66363430616337626465653539383831646632316337396265346366336165316634373139303334
66623836316162326438643834356264323766666636376632373863633964393037636361613332
62663932653539336662663037373366653233326633373462626436653530356262303135363132
31616436646136623866363432633730343732623337306633656337343461616137383831373235
37333434343263343533356365383765623035343533363339386239646338623331636430326238
39303365373163336338316433313034316237626462303363666538623966623231306565306234
38653262393435316333323762313133336635393864623463643866626366323261643463313335
30366663333535373364313137396633303934663165303537326565356639333566626337363338
32623134346137323330663834363837613863326335373665643039316430626466646337653134
66613038323932616435633831353337343664643731323337303637643361653236353266366433
31386233656664656238666137353762386235323238643434383439636337353336646133303563
34323062333430396137633731346534313761376532636234333035323235323639613737623366
31353739336633323038336133376235303365326436366230613235343132383939386235643965
61643533643734333835316366393565613431376462313938383436363736356132646330363432
39306364346261653137613162363336363239366562373466383032623335616235366466646662
34383061346664373632383864326262633535633730613437393532633231313839383562623533
35386434636533373965326163373662323365316532636137623334343762313039343866393864
65333730323562653439343361626162393539613766383965336561326364346335323339663364
66623139393065376534653166623238353161376239333839343163323262633162346639396533
36396433373863316364323038633630316234376338633137303736646361303066626465366437
37643233663935633364663537373437323731373338663237306334363238373664663561316436
64333437333663396530306662623866633863373332323039663639376631383265626638343964
36346134666138663961326236363533323430373937666336326638306365646565376332613738
37646338616634303232373035623961393131386534336565666663613733616263353561363039
37316338636163393033393136303232663532663037353130666235333264353335346436353832
37353663323737323861376361326536383038303938646433346464623733633737336431396561
61613435643131303762643963643163373837633332666534326436343131646264653163306163
35396536363238303739663262646163393164323639613666316438633637363736373837333939
65306437303562313830386331373565306263386430613836363630613432623863356562636539
31666561613235356534316263313232376363393730326162366634653036373733323133363635
35386435353731653330613636613636653761626465383963386133353837343266646466313062
32383933383061303537306265313938653964613935616133313235393532353533663338613161
66376635643835373633373032323537316263346635623066353063633364313663383433326639
64653462653138353432333533643065356638396330383962323762366637633062626164346437
31396138396635333734616439313034353731323435613639613266613639356432386535616537
63383031663063643534626366623232306530663965333566336537383564366636343232336437
36306433653433326133396438643461646330653238303231353939363930363863363934323239
61633762306333353166313233346430383738613866653862346332313830303730326635623637
34346438623737393565623335636164353665663036383563313830353763336431326232663733
63393065396234343962613136353438396363303632633430626436373330626435326336623933
62323666646336306530613139333838326261326361363637393637336632393164643038643962
65616562386362343739396164333638363265333330613437613264363234643138643366633839
32636362373330376264646462333662623061303031653938666234333866353561316137366332
31353536323863303936633136303030346138313066643938636566363330363265386634363962
39383962633435626662663539613732316635336230623662376633653934373937633031336666
37653434313537313635346233666364376361376563356164633633663537356562303964356363
63316134656134346262383765353830353139363462633861643566626466663065316432393565
31333064316461623531616533353461613534666333343966363864643931363464306436613738
63396531663163623137353731633537376166393334653665393965393031363131303031323965
38356139626561373732313966663065383538646531386132353164343636373736396634626466
36333266376236636135666133313034356537636564373234666237323862623264363037373438
38323561396464633739646533373766353164663932303864663035643038653537613030646631
35343366633030313463343561653863386362306236396535626261343633313264643264633262
33303562326435383839313632646562343535376365303739663535643662633163373332363836
36313133343466366361633664383864363136363630396530616535343831326365353030306432
62316633633764666538303930356130653433316238353231383036653833663961363536373464
65336264626663353231613330353134313866623666356565653139333666313930333439303264
34326339366338653636363939653561613139633362373734656435396464363438623037623361
66303636353464383537393736343063393739386534383833613666383836353633313661363239
38353536366332343861663530633339363833663166333836356236303930633634353162653037
66623334343236303465383163663461646536353163613737346430663663363332356633613665
30326465356436646533373839306332323663323564656437356565376362613866393532616132
33303532313965616538393632613932306237613063316264363561653165613034643830616465
38306539666339383261393336663634663136316337373162623633663265663536623830643234
38623133616138316265373832393661653532386234343963303465353364666137316435396230
38666666666534313931343736366432316631363935663264643336313033336462653262373631
30656632343934353661363938313031383563653732343637623739313239653161653833343337
63336235636566353362353436316634666331613339653233323035316161376265383566646266
65326334613335303533366166613963306139616336626134366233336166336565356266323139
32303761386365303865303637366230636565313762323434313739303066666437643230306430
62356137323530653661366364393730376434313736363933343063336461333866373330363461
31613932643962393333383734356466373634656137366331626238623965353666643030363431
64616266333932393638313863383966356336366137303166316438633661393832323161633931
61373032386464616231333538386163323135323031666563656162653066623833323231346364
61383936373235306636303630386537343738363863343936343665313434633539623332356134
62643534346132646333616131356164393034396633303433643162663730343737323935666131
62333235396332656533353439663634303066366661613836383561613331646431653666623631
35666435396637643537646431633737316230663232323062356339343733353766343462346465
37393765323663646135376630396131333365363365636464393134636236363534613161313061
63346336633362326263623464326230386631626437623065613663333032366638383964343135
61623439393763393865396432346165633935323763616430633430303030643030633866616332
36356136353163363332653630323539636661386165646564353764343164346136303430393334
30373864313032363162616531623464363632356431356362393132323064393263383165626266
34323932623830333532653365643964663735616365626266643435656363633031383763333932
39363661386338613434336166323539636262363966633130353439373264373765663036363632
39323331636431363062666439336264373936323538323438386563643639386534333764363536
35393864626163613539303437316237333664383362333839623361383838356532623265343466
32333965346166626263366266653337383865396236306462633361336436333263396436623138
36666438663738333034326366313730383736333231363661303462336266363533643831373634
64303133383666663437326337333032353937626134356163316437376634643064343630303635
39376538633539333439373032393361376165646664313361663165313066336130396430393031
65656437363331346138343165356235666430633138316636373437316363376237626337353066
66393738613964393437383861663233346639346365636632393534653833663832306531353236
64396265363664633336356166323662613434383232383564643862626138323438336437663663
39376463373963656235373033623033663161633662383336303033646366663235653765313437
36326336383539636264
